PER: 0.0055247793821206195
CER: 0.004582416101352262