PER: 0.06694949701859895
CER: 0.054639813103510015