PER: 0.050059265754136426
CER: 0.041954013792662045