PER: 0.04854920681312615
CER: 0.040785957725970844