PER: 0.06525795600393039
CER: 0.05315918602744349