PER: 0.04851673242729797
CER: 0.040617949661583753