PER: 0.06429776242890567
CER: 0.05263870877277484